3 3 4
3 3 5
3 3 5
2 2 2
2 2 2
2 2 3
8 8 21
8 8 32
20 10 101
20 10 188
8 8 97
8 8 44
8 8 22
8 8 23
20 10 83
8 8 23
8 8 58
3 3 2
8 8 54
8 8 42
8 8 41
8 8 26
8 8 43
8 8 25
8 8 25
8 8 28
20 10 132
8 8 47
20 10 83
50 25 815
50 25 860
20 10 188
20 10 183
8 8 61
8 8 79
50 25 944
8 8 33
3 3 4
3 3 8
3 3 7
8 8 56
20 10 172
50 25 774
20 10 100
20 10 98
20 10 90
50 25 645
16 16 151
8 8 23
16 16 181
4 3 10
16 16 242
7 7 20
7 7 10
16 16 150
16 16 159
20 20 223
1 1 2
10 10 65
10 10 45
10 10 41
10 10 41
10 10 41
10 10 41
10 10 44
10 10 39
3 3 1
3 3 5
8 8 64
10 10 62
10 10 57
10 10 58
3 3 3
3 3 3
3 3 3
10 10 46
10 10 78
10 10 75
15 15 132
50 25 908
50 25 770
20 20 406
20 20 262
50 25 713
8 8 31
8 8 19
8 8 45
16 16 147
16 16 119
16 16 157
16 16 134
50 25 604
16 16 117
16 16 93
16 16 161
40 20 412
40 20 378
10 10 59
10 10 30
8 8 15
16 16 147
16 16 133
16 16 123
16 16 111
16 16 108
16 16 126
16 16 120
16 16 127
16 16 97
16 16 104
16 16 117
16 16 136
16 16 125
16 16 130
16 16 146
16 16 162
20 20 192
50 25 782
50 25 655
16 16 120
8 8 28
20 20 291
16 16 189
20 20 230
20 20 217
20 20 376
50 25 734
30 20 341
30 20 350
30 20 302
40 20 489
10 10 39
8 8 24
20 20 169
30 25 383
25 25 325
30 20 283
30 20 253
30 20 326
16 16 104
10 10 32
50 25 1105
10 10 42
8 7 32
20 20 328
20 20 216
20 15 168
20 15 154
